21
-44/-44/2/ROOM/17
-22/-44/3/0
0/-44/2/ROOM/18
22/-44/3/0
44/-44/2/ROOM/12
-61/-30/3/0
-17/-30/3/0
27/-30/3/0
-44/0/2/ROOM/16
-22/0/3/0
0/0/2/ROOM/9
22/0/3/0
44/0/2/ROOM/10
-61/14/3/0
-17/14/3/0
27/14/3/0
-44/44/2/ROOM/15
-22/44/3/0
0/44/2/ROOM/14
22/44/3/0
44/44/2/ROOM/13
-44/-44/2/ROOM/38
-22/-44/3/0
0/-44/2/ROOM/39
22/-44/3/0
44/-44/2/ROOM/33
-61/-30/3/0
-17/-30/3/0
27/-30/3/0
-44/0/2/ROOM/37
-22/0/3/0
0/0/2/ROOM/30
22/0/3/0
44/0/2/ROOM/31
-61/14/3/0
-17/14/3/0
27/14/3/0
-44/44/2/ROOM/36
-22/44/3/0
0/44/2/ROOM/35
22/44/3/0
44/44/2/ROOM/34
-23
0
-6
15
000000000000000000000000
111111111111111111111000
111111111111111111111000
111111111111111111111000
111111111111111111111000
111111111111111111111000
111111111111111111111000
111111111111111111111000
111111111111111111111000
111111111111111111111000
111111111111111111111000
111111111111111111111000
111111111111111111111000
111111111111111111111000
111111111111111111111000
111111111111111111111000
111111111111111111111000
111111111111111111111000
111111111111111111111000
111111111111111111111000
111111111111111111111000
111111111111111111111000
-24
0
-6
15
0000000000000000000000000
0000000000000000000000000
0000000000000000000000000
0000000000000000000000000
0000000000000000000000000
0000000000000000000000000
0000000000000000000000000
0000000000000000000000000
0000000000000000000000000
0000000000000000000000000
2222222222222222222222200
2222222222222222222222200
2222222222222222222222200
0000000000000000000000000
0000000000000000000000000
0000000000000000000000000
0000000000000000000000000
0000000000000000000000000
0000000000000000000000000
0000000000000000000000000
0000000000000000000000000
0000000000000000000000000
-23
0
-6
15
000000000000000000000000
111111111111111111111000
111111111111111111111000
111111111111111111111000
111111111111111111111000
111111111111111111111000
111111111111111111111000
111111111111111111111000
111111111111111111111000
111111111111111111111000
111111111111111111111000
111111111111111111111000
111111111111111111111000
111111111111111111111000
111111111111111111111000
111111111111111111111000
111111111111111111111000
111111111111111111111000
111111111111111111111000
111111111111111111111000
111111111111111111111000
111111111111111111111000
-24
0
-6
15
0000000000000000000000000
0000000000000000000000000
0000000000000000000000000
0000000000000000000000000
0000000000000000000000000
0000000000000000000000000
0000000000000000000000000
0000000000000000000000000
0000000000000000000000000
0000000000000000000000000
2222222222222222222222200
2222222222222222222222200
2222222222222222222222200
0000000000000000000000000
0000000000000000000000000
0000000000000000000000000
0000000000000000000000000
0000000000000000000000000
0000000000000000000000000
0000000000000000000000000
0000000000000000000000000
0000000000000000000000000
-23
0
-6
15
000000000000000000000000
111111111111111111111000
111111111111111111111000
111111111111111111111000
111111111111111111111000
111111111111111111111000
111111111111111111111000
111111111111111111111000
111111111111111111111000
111111111111111111111000
111111111111111111111000
111111111111111111111000
111111111111111111111000
111111111111111111111000
111111111111111111111000
111111111111111111111000
111111111111111111111000
111111111111111111111000
111111111111111111111000
111111111111111111111000
111111111111111111111000
111111111111111111111000
-24
0
-6
15
0000000000000000000000000
0000000000000000000000000
0000000000000000000000000
0000000000000000000000000
0000000000000000000000000
0000000000000000000000000
0000000000000000000000000
0000000000000000000000000
0000000000000000000000000
0000000000000000000000000
2222222222222222222222200
2222222222222222222222200
2222222222222222222222200
0000000000000000000000000
0000000000000000000000000
0000000000000000000000000
0000000000000000000000000
0000000000000000000000000
0000000000000000000000000
0000000000000000000000000
0000000000000000000000000
0000000000000000000000000
-24
0
-6
15
0000000000000000000000000
0000000000000000000000000
0000000000000000000000000
0000000000000000000000000
0000000000000000000000000
0000000000000000000000000
0000000000000000000000000
0000000000000000000000000
0000000000000000000000000
0000000000000000000000000
2222222222222222222222200
2222222222222222222222200
2222222222222222222222200
0000000000000000000000000
0000000000000000000000000
0000000000000000000000000
0000000000000000000000000
0000000000000000000000000
0000000000000000000000000
0000000000000000000000000
0000000000000000000000000
0000000000000000000000000
-24
0
-6
15
0000000000000000000000000
0000000000000000000000000
0000000000000000000000000
0000000000000000000000000
0000000000000000000000000
0000000000000000000000000
0000000000000000000000000
0000000000000000000000000
0000000000000000000000000
0000000000000000000000000
2222222222222222222222200
2222222222222222222222200
2222222222222222222222200
0000000000000000000000000
0000000000000000000000000
0000000000000000000000000
0000000000000000000000000
0000000000000000000000000
0000000000000000000000000
0000000000000000000000000
0000000000000000000000000
0000000000000000000000000
-23
0
-6
15
000000000000000000000000
111111111111111111111000
111111111111111111111000
111111111111111111111000
111111111111111111111000
111111111111111111111000
111111111111111111111000
111111111111111111111000
111111111111111111111000
111111111111111111111000
111111111111111111111000
111111111111111111111000
111111111111111111111000
111111111111111111111000
111111111111111111111000
111111111111111111111000
111111111111111111111000
111111111111111111111000
111111111111111111111000
111111111111111111111000
111111111111111111111000
111111111111111111111000
-24
0
-6
15
0000000000000000000000000
0000000000000000000000000
0000000000000000000000000
0000000000000000000000000
0000000000000000000000000
0000000000000000000000000
0000000000000000000000000
0000000000000000000000000
0000000000000000000000000
0000000000000000000000000
2222222222222222222222200
2222222222222222222222200
2222222222222222222222200
0000000000000000000000000
0000000000000000000000000
0000000000000000000000000
0000000000000000000000000
0000000000000000000000000
0000000000000000000000000
0000000000000000000000000
0000000000000000000000000
0000000000000000000000000
-23
0
-6
15
000000000000000000000000
111111111111111111111000
111111111111111111111000
111111111111111111111000
111111111111111111111000
111111111111111111111000
111111111111111111111000
111111111111111111111000
111111111111111111111000
111111111111111111111000
111111111111111111111000
111111111111111111111000
111111111111111111111000
111111111111111111111000
111111111111111111111000
111111111111111111111000
111111111111111111111000
111111111111111111111000
111111111111111111111000
111111111111111111111000
111111111111111111111000
111111111111111111111000
-24
0
-6
15
0000000000000000000000000
0000000000000000000000000
0000000000000000000000000
0000000000000000000000000
0000000000000000000000000
0000000000000000000000000
0000000000000000000000000
0000000000000000000000000
0000000000000000000000000
0000000000000000000000000
2222222222222222222222200
2222222222222222222222200
2222222222222222222222200
0000000000000000000000000
0000000000000000000000000
0000000000000000000000000
0000000000000000000000000
0000000000000000000000000
0000000000000000000000000
0000000000000000000000000
0000000000000000000000000
0000000000000000000000000
-23
0
-6
15
000000000000000000000000
111111111111111111111000
111111111111111111111000
111111111111111111111000
111111111111111111111000
111111111111111111111000
111111111111111111111000
111111111111111111111000
111111111111111111111000
111111111111111111111000
111111111111111111111000
111111111111111111111000
111111111111111111111000
111111111111111111111000
111111111111111111111000
111111111111111111111000
111111111111111111111000
111111111111111111111000
111111111111111111111000
111111111111111111111000
111111111111111111111000
111111111111111111111000
-24
0
-6
15
0000000000000000000000000
0000000000000000000000000
0000000000000000000000000
0000000000000000000000000
0000000000000000000000000
0000000000000000000000000
0000000000000000000000000
0000000000000000000000000
0000000000000000000000000
0000000000000000000000000
2222222222222222222222200
2222222222222222222222200
2222222222222222222222200
0000000000000000000000000
0000000000000000000000000
0000000000000000000000000
0000000000000000000000000
0000000000000000000000000
0000000000000000000000000
0000000000000000000000000
0000000000000000000000000
0000000000000000000000000
-24
0
-6
15
0000000000000000000000000
0000000000000000000000000
0000000000000000000000000
0000000000000000000000000
0000000000000000000000000
0000000000000000000000000
0000000000000000000000000
0000000000000000000000000
0000000000000000000000000
0000000000000000000000000
2222222222222222222222200
2222222222222222222222200
2222222222222222222222200
0000000000000000000000000
0000000000000000000000000
0000000000000000000000000
0000000000000000000000000
0000000000000000000000000
0000000000000000000000000
0000000000000000000000000
0000000000000000000000000
0000000000000000000000000
-24
0
-6
15
0000000000000000000000000
0000000000000000000000000
0000000000000000000000000
0000000000000000000000000
0000000000000000000000000
0000000000000000000000000
0000000000000000000000000
0000000000000000000000000
0000000000000000000000000
0000000000000000000000000
2222222222222222222222200
2222222222222222222222200
2222222222222222222222200
0000000000000000000000000
0000000000000000000000000
0000000000000000000000000
0000000000000000000000000
0000000000000000000000000
0000000000000000000000000
0000000000000000000000000
0000000000000000000000000
0000000000000000000000000
-23
0
-6
15
000000000000000000000000
111111111111111111111000
111111111111111111111000
111111111111111111111000
111111111111111111111000
111111111111111111111000
111111111111111111111000
111111111111111111111000
111111111111111111111000
111111111111111111111000
111111111111111111111000
111111111111111111111000
111111111111111111111000
111111111111111111111000
111111111111111111111000
111111111111111111111000
111111111111111111111000
111111111111111111111000
111111111111111111111000
111111111111111111111000
111111111111111111111000
111111111111111111111000
-24
0
-6
15
0000000000000000000000000
0000000000000000000000000
0000000000000000000000000
0000000000000000000000000
0000000000000000000000000
0000000000000000000000000
0000000000000000000000000
0000000000000000000000000
0000000000000000000000000
0000000000000000000000000
2222222222222222222222200
2222222222222222222222200
2222222222222222222222200
0000000000000000000000000
0000000000000000000000000
0000000000000000000000000
0000000000000000000000000
0000000000000000000000000
0000000000000000000000000
0000000000000000000000000
0000000000000000000000000
0000000000000000000000000
-23
0
-6
15
000000000000000000000000
111111111111111111111000
111111111111111111111000
111111111111111111111000
111111111111111111111000
111111111111111111111000
111111111111111111111000
111111111111111111111000
111111111111111111111000
111111111111111111111000
111111111111111111111000
111111111111111111111000
111111111111111111111000
111111111111111111111000
111111111111111111111000
111111111111111111111000
111111111111111111111000
111111111111111111111000
111111111111111111111000
111111111111111111111000
111111111111111111111000
111111111111111111111000
-24
0
-6
15
0000000000000000000000000
0000000000000000000000000
0000000000000000000000000
0000000000000000000000000
0000000000000000000000000
0000000000000000000000000
0000000000000000000000000
0000000000000000000000000
0000000000000000000000000
0000000000000000000000000
2222222222222222222222200
2222222222222222222222200
2222222222222222222222200
0000000000000000000000000
0000000000000000000000000
0000000000000000000000000
0000000000000000000000000
0000000000000000000000000
0000000000000000000000000
0000000000000000000000000
0000000000000000000000000
0000000000000000000000000
-23
0
-6
15
000000000000000000000000
111111111111111111111000
111111111111111111111000
111111111111111111111000
111111111111111111111000
111111111111111111111000
111111111111111111111000
111111111111111111111000
111111111111111111111000
111111111111111111111000
111111111111111111111000
111111111111111111111000
111111111111111111111000
111111111111111111111000
111111111111111111111000
111111111111111111111000
111111111111111111111000
111111111111111111111000
111111111111111111111000
111111111111111111111000
111111111111111111111000
111111111111111111111000
-23
0
-6
15
000000000000000000000000
111111111111111111111000
111111111111111111111000
111111111111111111111000
111111111111111111111000
111111111111111111111000
111111111111111111111000
111111111111111111111000
111111111111111111111000
111111111111111111111000
111111111111111111111000
111111111111111111111000
111111111111111111111000
111111111111111111111000
111111111111111111111000
111111111111111111111000
111111111111111111111000
111111111111111111111000
111111111111111111111000
111111111111111111111000
111111111111111111111000
111111111111111111111000
-24
0
-6
15
0000000000000000000000000
0000000000000000000000000
0000000000000000000000000
0000000000000000000000000
0000000000000000000000000
0000000000000000000000000
0000000000000000000000000
0000000000000000000000000
0000000000000000000000000
0000000000000000000000000
2222222222222222222222200
2222222222222222222222200
2222222222222222222222200
0000000000000000000000000
0000000000000000000000000
0000000000000000000000000
0000000000000000000000000
0000000000000000000000000
0000000000000000000000000
0000000000000000000000000
0000000000000000000000000
0000000000000000000000000
-23
0
-6
15
000000000000000000000000
111111111111111111111000
111111111111111111111000
111111111111111111111000
111111111111111111111000
111111111111111111111000
111111111111111111111000
111111111111111111111000
111111111111111111111000
111111111111111111111000
111111111111111111111000
111111111111111111111000
111111111111111111111000
111111111111111111111000
111111111111111111111000
111111111111111111111000
111111111111111111111000
111111111111111111111000
111111111111111111111000
111111111111111111111000
111111111111111111111000
111111111111111111111000
-24
0
-6
15
0000000000000000000000000
0000000000000000000000000
0000000000000000000000000
0000000000000000000000000
0000000000000000000000000
0000000000000000000000000
0000000000000000000000000
0000000000000000000000000
0000000000000000000000000
0000000000000000000000000
2222222222222222222222200
2222222222222222222222200
2222222222222222222222200
0000000000000000000000000
0000000000000000000000000
0000000000000000000000000
0000000000000000000000000
0000000000000000000000000
0000000000000000000000000
0000000000000000000000000
0000000000000000000000000
0000000000000000000000000
-23
0
-6
15
000000000000000000000000
111111111111111111111000
111111111111111111111000
111111111111111111111000
111111111111111111111000
111111111111111111111000
111111111111111111111000
111111111111111111111000
111111111111111111111000
111111111111111111111000
111111111111111111111000
111111111111111111111000
111111111111111111111000
111111111111111111111000
111111111111111111111000
111111111111111111111000
111111111111111111111000
111111111111111111111000
111111111111111111111000
111111111111111111111000
111111111111111111111000
111111111111111111111000
-24
0
-6
15
0000000000000000000000000
0000000000000000000000000
0000000000000000000000000
0000000000000000000000000
0000000000000000000000000
0000000000000000000000000
0000000000000000000000000
0000000000000000000000000
0000000000000000000000000
0000000000000000000000000
2222222222222222222222200
2222222222222222222222200
2222222222222222222222200
0000000000000000000000000
0000000000000000000000000
0000000000000000000000000
0000000000000000000000000
0000000000000000000000000
0000000000000000000000000
0000000000000000000000000
0000000000000000000000000
0000000000000000000000000
-24
0
-6
15
0000000000000000000000000
0000000000000000000000000
0000000000000000000000000
0000000000000000000000000
0000000000000000000000000
0000000000000000000000000
0000000000000000000000000
0000000000000000000000000
0000000000000000000000000
0000000000000000000000000
2222222222222222222222200
2222222222222222222222200
2222222222222222222222200
0000000000000000000000000
0000000000000000000000000
0000000000000000000000000
0000000000000000000000000
0000000000000000000000000
0000000000000000000000000
0000000000000000000000000
0000000000000000000000000
0000000000000000000000000
-24
0
-6
15
0000000000000000000000000
0000000000000000000000000
0000000000000000000000000
0000000000000000000000000
0000000000000000000000000
0000000000000000000000000
0000000000000000000000000
0000000000000000000000000
0000000000000000000000000
0000000000000000000000000
2222222222222222222222200
2222222222222222222222200
2222222222222222222222200
0000000000000000000000000
0000000000000000000000000
0000000000000000000000000
0000000000000000000000000
0000000000000000000000000
0000000000000000000000000
0000000000000000000000000
0000000000000000000000000
0000000000000000000000000
-23
0
-6
15
000000000000000000000000
111111111111111111111000
111111111111111111111000
111111111111111111111000
111111111111111111111000
111111111111111111111000
111111111111111111111000
111111111111111111111000
111111111111111111111000
111111111111111111111000
111111111111111111111000
111111111111111111111000
111111111111111111111000
111111111111111111111000
111111111111111111111000
111111111111111111111000
111111111111111111111000
111111111111111111111000
111111111111111111111000
111111111111111111111000
111111111111111111111000
111111111111111111111000
-24
0
-6
15
0000000000000000000000000
0000000000000000000000000
0000000000000000000000000
0000000000000000000000000
0000000000000000000000000
0000000000000000000000000
0000000000000000000000000
0000000000000000000000000
0000000000000000000000000
0000000000000000000000000
2222222222222222222222200
2222222222222222222222200
2222222222222222222222200
0000000000000000000000000
0000000000000000000000000
0000000000000000000000000
0000000000000000000000000
0000000000000000000000000
0000000000000000000000000
0000000000000000000000000
0000000000000000000000000
0000000000000000000000000
-23
0
-6
15
000000000000000000000000
111111111111111111111000
111111111111111111111000
111111111111111111111000
111111111111111111111000
111111111111111111111000
111111111111111111111000
111111111111111111111000
111111111111111111111000
111111111111111111111000
111111111111111111111000
111111111111111111111000
111111111111111111111000
111111111111111111111000
111111111111111111111000
111111111111111111111000
111111111111111111111000
111111111111111111111000
111111111111111111111000
111111111111111111111000
111111111111111111111000
111111111111111111111000
-24
0
-6
15
0000000000000000000000000
0000000000000000000000000
0000000000000000000000000
0000000000000000000000000
0000000000000000000000000
0000000000000000000000000
0000000000000000000000000
0000000000000000000000000
0000000000000000000000000
0000000000000000000000000
2222222222222222222222200
2222222222222222222222200
2222222222222222222222200
0000000000000000000000000
0000000000000000000000000
0000000000000000000000000
0000000000000000000000000
0000000000000000000000000
0000000000000000000000000
0000000000000000000000000
0000000000000000000000000
0000000000000000000000000
-23
0
-6
15
000000000000000000000000
111111111111111111111000
111111111111111111111000
111111111111111111111000
111111111111111111111000
111111111111111111111000
111111111111111111111000
111111111111111111111000
111111111111111111111000
111111111111111111111000
111111111111111111111000
111111111111111111111000
111111111111111111111000
111111111111111111111000
111111111111111111111000
111111111111111111111000
111111111111111111111000
111111111111111111111000
111111111111111111111000
111111111111111111111000
111111111111111111111000
111111111111111111111000
-24
0
-6
15
0000000000000000000000000
0000000000000000000000000
0000000000000000000000000
0000000000000000000000000
0000000000000000000000000
0000000000000000000000000
0000000000000000000000000
0000000000000000000000000
0000000000000000000000000
0000000000000000000000000
2222222222222222222222200
2222222222222222222222200
2222222222222222222222200
0000000000000000000000000
0000000000000000000000000
0000000000000000000000000
0000000000000000000000000
0000000000000000000000000
0000000000000000000000000
0000000000000000000000000
0000000000000000000000000
0000000000000000000000000
-24
0
-6
15
0000000000000000000000000
0000000000000000000000000
0000000000000000000000000
0000000000000000000000000
0000000000000000000000000
0000000000000000000000000
0000000000000000000000000
0000000000000000000000000
0000000000000000000000000
0000000000000000000000000
2222222222222222222222200
2222222222222222222222200
2222222222222222222222200
0000000000000000000000000
0000000000000000000000000
0000000000000000000000000
0000000000000000000000000
0000000000000000000000000
0000000000000000000000000
0000000000000000000000000
0000000000000000000000000
0000000000000000000000000
-24
0
-6
15
0000000000000000000000000
0000000000000000000000000
0000000000000000000000000
0000000000000000000000000
0000000000000000000000000
0000000000000000000000000
0000000000000000000000000
0000000000000000000000000
0000000000000000000000000
0000000000000000000000000
2222222222222222222222200
2222222222222222222222200
2222222222222222222222200
0000000000000000000000000
0000000000000000000000000
0000000000000000000000000
0000000000000000000000000
0000000000000000000000000
0000000000000000000000000
0000000000000000000000000
0000000000000000000000000
0000000000000000000000000
-23
0
-6
15
000000000000000000000000
111111111111111111111000
111111111111111111111000
111111111111111111111000
111111111111111111111000
111111111111111111111000
111111111111111111111000
111111111111111111111000
111111111111111111111000
111111111111111111111000
111111111111111111111000
111111111111111111111000
111111111111111111111000
111111111111111111111000
111111111111111111111000
111111111111111111111000
111111111111111111111000
111111111111111111111000
111111111111111111111000
111111111111111111111000
111111111111111111111000
111111111111111111111000
-24
0
-6
15
0000000000000000000000000
0000000000000000000000000
0000000000000000000000000
0000000000000000000000000
0000000000000000000000000
0000000000000000000000000
0000000000000000000000000
0000000000000000000000000
0000000000000000000000000
0000000000000000000000000
2222222222222222222222200
2222222222222222222222200
2222222222222222222222200
0000000000000000000000000
0000000000000000000000000
0000000000000000000000000
0000000000000000000000000
0000000000000000000000000
0000000000000000000000000
0000000000000000000000000
0000000000000000000000000
0000000000000000000000000
-23
0
-6
15
000000000000000000000000
111111111111111111111000
111111111111111111111000
111111111111111111111000
111111111111111111111000
111111111111111111111000
111111111111111111111000
111111111111111111111000
111111111111111111111000
111111111111111111111000
111111111111111111111000
111111111111111111111000
111111111111111111111000
111111111111111111111000
111111111111111111111000
111111111111111111111000
111111111111111111111000
111111111111111111111000
111111111111111111111000
111111111111111111111000
111111111111111111111000
111111111111111111111000
-24
0
-6
15
0000000000000000000000000
0000000000000000000000000
0000000000000000000000000
0000000000000000000000000
0000000000000000000000000
0000000000000000000000000
0000000000000000000000000
0000000000000000000000000
0000000000000000000000000
0000000000000000000000000
2222222222222222222222200
2222222222222222222222200
2222222222222222222222200
0000000000000000000000000
0000000000000000000000000
0000000000000000000000000
0000000000000000000000000
0000000000000000000000000
0000000000000000000000000
0000000000000000000000000
0000000000000000000000000
0000000000000000000000000
-23
0
-6
15
000000000000000000000000
111111111111111111111000
111111111111111111111000
111111111111111111111000
111111111111111111111000
111111111111111111111000
111111111111111111111000
111111111111111111111000
111111111111111111111000
111111111111111111111000
111111111111111111111000
111111111111111111111000
111111111111111111111000
111111111111111111111000
111111111111111111111000
111111111111111111111000
111111111111111111111000
111111111111111111111000
111111111111111111111000
111111111111111111111000
111111111111111111111000
111111111111111111111000
